CALSPHERE 1             
1 00900U 64063C   22077.92212392  .00000453  00000+0  47421-3 0  9998
2 00900  90.1732  39.2474 0025474 298.2009 120.8350 13.73711443858233
CALSPHERE 2             
1 00902U 64063E   22077.90726309  .00000027  00000+0  26538-4 0  9990
2 00902  90.1857  42.2594 0020055  54.2922 330.5022 13.52708932646534
LCS 1                   
1 01361U 65034C   22077.84247627  .00000000  00000+0 -10579-2 0  9991
2 01361  32.1389 260.4396 0013744 276.5020  83.3913  9.89301192 56257
TEMPSAT 1               
1 01512U 65065E   22077.90553917  .00000016  00000+0  15733-4 0  9997
2 01512  89.9090 219.4125 0068169 285.1119 194.3134 13.33446607753307
CALSPHERE 4A            
1 01520U 65065H   22077.87065689  .00000090  00000+0  15514-3 0  9994
2 01520  89.9972 130.2169 0070672 157.3855 265.4042 13.35874577755563
OPS 5712 (P/L 160)      
1 02826U 67053A   22077.77558944  .00001566  00000+0  41872-3 0  9998
2 02826  69.9271 141.7690 0003950 152.6496 207.4846 14.50131459839589
LES-5                   
1 02866U 67066E   22077.80208767 -.00000055  00000+0  00000+0 0  9992
2 02866   1.4868 249.4675 0054775  34.6299 176.8964  1.09425034114059
SURCAL 159              
1 02872U 67053F   22077.47082747  .00000060  00000+0  78993-4 0  9992
2 02872  69.9726 100.0649 0008013 318.0518  41.9975 13.98887795793142
OPS 5712 (P/L 153)      
1 02874U 67053H   22077.74042498 -.00000007  00000+0  33816-4 0  9990
2 02874  69.9740 199.4419 0005383  32.0443 328.0989 13.96392344790166
SURCAL 150B             
1 02909U 67053J   22077.70577895  .00002334  00000+0  46503-3 0  9999
2 02909  69.9474 135.7558 0004399 203.4810 156.6130 14.63284442850337
RIGIDSPHERE 2 (LCS 4)   
1 05398U 71067E   22077.91983840  .00000473  00000+0  15937-3 0  9997
2 05398  87.6220  47.9448 0062011 325.9283  33.7939 14.34139551651282
OSCAR 7 (AO-7)          
1 07530U 74089B   22077.92466998 -.00000049  00000+0 -21089-4 0  9992
2 07530 101.8964  57.5382 0012001 214.3932 202.6416 12.53653539166123
STARLETTE               
1 07646U 75010A   22077.88549787 -.00000131  00000+0  91462-5 0  9992
2 07646  49.8233 107.6766 0205706 338.3917  20.8390 13.82311250379952
LAGEOS 1                
1 08820U 76039A   22077.62950965 -.00000002  00000+0  00000+0 0  9994
2 08820 109.8627   7.8781 0045080 274.2097 224.0099  6.38665051814056
PHASE 3B (AO-10)        
1 14129U 83058B   22077.44825461 -.00000294  00000+0  00000+0 0  9997
2 14129  26.4020 111.0277 5984783  57.6692 346.9220  2.05870028263538
UOSAT 2 (UO-11)         
1 14781U 84021B   22077.93928282  .00000620  00000+0  81451-4 0  9997
2 14781  97.6127  69.5366 0006891 257.3331 102.7113 14.83492945 26628
AJISAI (EGS)            
1 16908U 86061A   22077.93933972 -.00000114  00000+0 -11605-3 0  9991
2 16908  50.0074 237.3576 0011361 190.9560 350.4118 12.44495812287220
TDRS 3                  
1 19548U 88091B   22077.35081112 -.00000294  00000+0  00000+0 0  9996
2 19548  13.7801 352.0343 0039846 333.5309 287.8350  1.00273339109826
COSMOS 1989 (ETALON 1)  
1 19751U 89001C   22077.84150208  .00000069  00000+0  00000+0 0  9990
2 19751  64.2805 125.5033 0023660 213.0246 190.0399  2.13156310258305
COSMOS 2024 (ETALON 2)  
1 20026U 89039C   22077.72703553 -.00000057  00000+0  00000+0 0  9990
2 20026  65.5481   3.4580 0018370 219.1574 350.7364  2.13204251255425
FLTSATCOM 8 (USA 46)    
1 20253U 89077A   22075.89076880 -.00000074  00000+0  00000+0 0  9995
2 20253  12.8858   0.8524 0003751  60.8042 145.3715  1.00274865245034
LUSAT (LO-19)           
1 20442U 90005G   22077.89220823  .00000070  00000+0  42166-4 0  9997
2 20442  98.7831  41.4246 0012856  76.0159 284.2453 14.33030837680139
HST                     
1 20580U 90037B   22077.38140368  .00001902  00000+0  10278-3 0  9997
2 20580  28.4707  52.0679 0002782 133.4012 357.0796 15.10141767552436
SKYNET 4C               
1 20776U 90079A   22077.84716900  .00000131  00000+0  00000+0 0  9993
2 20776  13.8319   0.7397 0003555 353.0177 160.9813  1.00274263115335
TDRS 5                  
1 21639U 91054B   22077.58608910  .00000091  00000+0  00000+0 0  9993
2 21639  14.2445   5.3635 0028026 356.9318 217.2536  1.00277961112157
GEOTAIL                 
1 22049U 92044A   22082.29682516 -.00000889  00000+0  00000+0 0  9993
2 22049  44.4265  38.4181 4972018 195.2496 356.7865  0.19233090 12792
LAGEOS 2                
1 22195U 92070B   22073.63283903 -.00000009  00000+0  00000+0 0  9993
2 22195  52.6456 169.7300 0137748 227.3690 259.8940  6.47293956694719
TDRS 6                  
1 22314U 93003B   22077.91348049 -.00000289  00000+0  00000+0 0  9991
2 22314  14.1255   8.5942 0008302  93.5440 357.0874  1.00279761106855
SCD 1                   
1 22490U 93009B   22077.39588097  .00000343  00000+0  44677-4 0  9996
2 22490  24.9705  56.8075 0042678 294.5472 197.0433 14.44654721536376
UFO 2 (USA 95)          
1 22787U 93056A   22077.77998399  .00000131  00000+0  00000+0 0  9991
2 22787  11.4457  11.6362 0004068 349.4057 124.8606  1.00266935102999
STELLA                  
1 22824U 93061B   22077.56509576 -.00000031  00000+0  63020-5 0  9998
2 22824  98.9723  96.1469 0007304  63.1317  54.8915 14.27388548483577
EYESAT A (AO-27)        
1 22825U 93061C   22077.91415320  .00000047  00000+0  36169-4 0  9990
2 22825  98.8981 106.9902 0007702 321.1416  38.9211 14.30150880485219
ITAMSAT (IO-26)         
1 22826U 93061D   22077.88918105  .00000055  00000+0  38903-4 0  9993
2 22826  98.8924 106.8501 0008057 306.3054  53.7383 14.30493686485464
USA 99 (MILSTAR-1 1)    
1 22988U 94009A   22077.42185615 -.00000188  00000+0  00000+0 0  9997
2 22988  15.2005  44.0748 0002559 298.4479 255.3093  1.00271040 16082
USA 107 (DSP 17)        
1 23435U 94084A   22077.41655543 -.00000158  00000+0  00000+0 0  9996
2 23435  14.5866   6.4897 0000884  44.3526 178.3145  1.00268299 17393
RADIO ROSTO (RS-15)     
1 23439U 94085A   22077.93298636 -.00000037  00000+0  15882-3 0  9998
2 23439  64.8147 292.0296 0167006 288.0942  70.1855 11.27570999121286
UFO 4 (USA 108)         
1 23467U 95003A   22077.67056102 -.00000018  00000+0  00000+0 0  9992
2 23467   9.8459  18.1993 0003563  25.2612 186.4266  1.00270656 99395
AMSC 1                  
1 23553U 95019A   22077.49869259 -.00000087  00000+0  00000+0 0  9996
2 23553  11.8629  26.8163 0007279 336.1520 245.0626  1.00272538 98615
TDRS 7                  
1 23613U 95035B   22077.86702025 -.00000193  00000+0  00000+0 0  9997
2 23613  14.0116 359.2785 0029236  43.7919 170.0486  1.00268002 97599
USA 113                 
1 23628U 95038A   22077.82341016 -.00000332  00000+0  00000+0 0  9996
2 23628  11.9988  25.6264 0001658 309.2162 241.6491  1.00267047 17414
USA 115 (MILSTAR-1 2)   
1 23712U 95060A   22077.48952095 -.00000013  00000+0  00000+0 0  9998
2 23712  13.4903  14.9610 0002974 338.4647 238.7981  1.00271710 16087
POLAR                   
1 23802U 96013A   22077.14702256  .00000268  00000+0  00000+0 0  9993
2 23802  78.7475 242.5300 5850917 261.9841  31.5990  1.29846834124703
INMARSAT 3-F1           
1 23839U 96020A   22077.81785451  .00000142  00000+0  00000+0 0  9994
2 23839   7.3545  58.6832 0005418 331.0495 118.0986  0.99986983 94744
JAS-2 (FO-29)           
1 24278U 96046B   22077.70549739 -.00000036  00000+0 -25899-5 0  9998
2 24278  98.5286 113.8325 0350734 158.6019 203.0206 13.53111615263335
INMARSAT 3-F2           
1 24307U 96053A   22077.49967625 -.00000195  00000+0  00000+0 0  9999
2 24307   6.3131  67.6479 0008071 326.4474 241.6299  0.99983263 93405
AMC-1 (GE-1)            
1 24315U 96054A   22077.61955432  .00000068  00000+0  00000+0 0  9994
2 24315   5.4044  73.8980 0003579 283.9878 270.3951  1.00272683 30760
INMARSAT 3-F3           
1 24674U 96070A   22077.76328008 -.00000151  00000+0  00000+0 0  9993
2 24674   6.9409  62.3432 0005442 312.9766 237.6430  1.00007405 92397
GALAXY 25 (G-25)        
1 24812U 97026A   22077.74417929 -.00000002  00000+0  00000+0 0  9993
2 24812   3.4666  84.5416 0003223 289.8919 135.8380  1.00272451 90827
NAVSTAR 43 (USA 132)    
1 24876U 97035A   22077.12224501  .00000032  00000+0  00000+0 0  9999
2 24876  55.4965 159.2366 0056305  52.6846 307.8832  2.00563460180821
INTELSAT 5 (IS-5)       
1 24916U 97046A   22077.69795368  .00000104  00000+0  00000+0 0  9992
2 24916   7.0361  61.6721 0000521 243.6693 316.2201  1.00142868 90065
FORTE                   
1 24920U 97047A   22077.86526062  .00000158  00000+0  89354-4 0  9993
2 24920  69.9524 273.5848 0025037 234.5206 125.3579 14.26490834277346
AMC-3 (GE-3)            
1 24936U 97050A   22077.50133340 -.00000258  00000+0  00000+0 0  9996
2 24936   4.3216  80.3124 0003389 284.6400 279.5583  1.00271450 36870
USA 134                 
1 25019U 97065A   22077.54329319 -.00000055  00000+0  00000+0 0  9997
2 25019  10.9491  32.0481 0006634 336.5632 250.7365  1.00275590 17395
NAVSTAR 44 (USA 135)    
1 25030U 97067A   22077.49780840  .00000029  00000+0  00000+0 0  9996
2 25030  55.7143 225.6655 0018202 246.6071 194.8463  1.88437896177450
ASTRA 1G                
1 25071U 97076A   22077.81993002  .00000118  00000+0  00000+0 0  9992
2 25071   6.0376  68.9584 0004019 281.4671 140.4802  1.00270860 88955
ORBCOMM FM08            
1 25112U 97084A   22077.89330888  .00000538  00000+0  21632-3 0  9996
2 25112  45.0150 266.8380 0008401  32.6280 327.5087 14.39500202270158
ORBCOMM FM10            
1 25113U 97084B   22077.80997183  .00000539  00000+0  21662-3 0  9999
2 25113  45.0167 268.7779 0005736   7.1065 352.9865 14.39496353445292
ORBCOMM FM11            
1 25114U 97084C   22077.70371099  .00000444  00000+0  18694-3 0  9997
2 25114  45.0152 268.8347 0006492   6.1566 353.9362 14.39418563270256
ORBCOMM FM12            
1 25115U 97084D   22077.87447062  .00000499  00000+0  20440-3 0  9992
2 25115  45.0159 267.6971 0005430  10.2553 349.8406 14.39437064270077
ORBCOMM FM09            
1 25116U 97084E   22077.87456683  .00000527  00000+0  21304-3 0  9994
2 25116  45.0165 268.2396 0006321 352.4325   7.6428 14.39431729270289
ORBCOMM FM05            
1 25117U 97084F   22077.90834116  .00000282  00000+0  13467-3 0  9999
2 25117  45.0165 268.1720 0003597  32.4863 327.6207 14.39628286269378
ORBCOMM FM06            
1 25118U 97084G   22077.91302094  .00000522  00000+0  21153-3 0  9994
2 25118  45.0158 267.7998 0002740  44.2598  95.7096 14.39475099270292
ORBCOMM FM07            
1 25119U 97084H   22077.92495829  .00000568  00000+0  22602-3 0  9995
2 25119  45.0151 268.0761 0003835  18.3283 341.7703 14.39465194270291
INMARSAT 3-F5           
1 25153U 98006B   22077.41995008 -.00000286  00000+0  00000+0 0  9998
2 25153   6.1970  66.4300 0005236 294.3205 272.4018  1.00274585 88339
ORBCOMM FM04            
1 25159U 98007C   22077.30753340  .00000617  00000+0  28580-3 0  9998
2 25159 107.9889 229.3123 0044195 154.7850 205.5457 14.30189995254324
CELESTIS-02 & TAURUS R/B
1 25160U 98007D   22077.90805435 -.00000035  00000+0  42256-4 0  9991
2 25160 107.9870  84.4460 0064549 265.1017 153.6950 14.21603597249994
UFO 8 (USA 138)         
1 25258U 98016A   22077.66991852 -.00000021  00000+0  00000+0 0  9992
2 25258   9.3289  30.2539 0003250 333.2629 225.5635  1.00268501 88293
NOAA 15                 
1 25338U 98030A   22077.84298366  .00000084  00000+0  53563-4 0  9992
2 25338  98.6553 108.5179 0010176 195.8587 164.2276 14.26098628240109
TECHSAT 1B (GO-32)      
1 25397U 98043D   22077.84197299  .00000032  00000+0  33493-4 0  9997
2 25397  98.8077  28.1218 0001838  44.5752 315.5574 14.23737294230531
ORBCOMM FM18            
1 25414U 98046B   22077.79211554  .00000592  00000+0  26343-3 0  9991
2 25414  44.9967  16.7045 0002449  67.4508 292.6598 14.33368322233799
ORBCOMM FM19            
1 25415U 98046C   22077.92074420  .00000468  00000+0  21910-3 0  9993
2 25415  44.9974  16.8429 0002010  37.2128  11.9833 14.33315439233786
ORBCOMM FM20            
1 25416U 98046D   22077.23487528  .00000406  00000+0  19688-3 0  9996
2 25416  44.9970  20.4205 0002329 316.2672  43.7989 14.33271591233799
ORBCOMM FM15            
1 25418U 98046F   22077.29282119  .00000491  00000+0  22704-3 0  9990
2 25418  45.0001  21.8412 0000982  91.2739  36.1507 14.33389251233717
ORBCOMM FM14            
1 25419U 98046G   22077.29852837  .00000593  00000+0  26361-3 0  9997
2 25419  44.9996  21.4665 0001170   7.5679 151.9962 14.33417098233664
ORBCOMM FM13            
1 25420U 98046H   22077.35610069  .00000431  00000+0  20613-3 0  9990
2 25420  45.0003  23.4113 0002556  77.0327 283.0805 14.33192166233904
ASTRA 2A                
1 25462U 98050A   22077.80836740  .00000149  00000+0  00000+0 0  9997
2 25462   3.1770  86.5125 0002502 266.4266 142.3924  1.00268065 30788
ORBCOMM FM21            
1 25475U 98053A   22077.52772017  .00000342  00000+0  17399-3 0  9997
2 25475  45.0091 106.3578 0002077 253.8813 106.1805 14.33253602226819
ORBCOMM FM23            
1 25477U 98053C   22077.53112833  .00000402  00000+0  19611-3 0  9990
2 25477  45.0091 108.4908 0001236 273.1721  86.8984 14.33137541226961
ORBCOMM FM27            
1 25481U 98053G   22077.43531130  .00000401  00000+0  19528-3 0  9995
2 25481  45.0065 107.5375 0003070 245.2684 114.7843 14.33260037227199
SCD 2                   
1 25504U 98060A   22077.93526365  .00000315  00000+0  38426-4 0  9991
2 25504  24.9952 267.5912 0017057 309.7336 197.2273 14.44169987235747
ISS (ZARYA)             
1 25544U 98067A   22078.20143519  .00005499  00000+0  10619-3 0  9990
2 25544  51.6428  62.2505 0003939 284.2068 262.3470 15.49467014331228
SWAS                    
1 25560U 98071A   22077.75943968  .00001315  00000+0  13017-3 0  9996
2 25560  69.8985 214.6346 0004834 104.8644 255.3048 14.94442881264472
GLOBALSTAR M023         
1 25621U 99004A   22077.94342260 -.00000097  00000+0  36452-4 0  9996
2 25621  52.0108  65.2090 0010083  25.5363 353.0514 12.62402205 65907
SKYNET 4E               
1 25639U 99009B   22077.14206531 -.00000029  00000+0  00000+0 0  9992
2 25639  11.2026  17.4116 0002696 334.5465 233.6161  1.00273683 35822
GLOBALSTAR M037         
1 25652U 99012D   22077.65082657 -.00000107  00000+0 -17624-4 0  9991
2 25652  51.9992 197.1681 0002485  88.7914  14.5270 12.62345741 61412
LANDSAT 7               
1 25682U 99020A   22077.82797369 -.00003409  00000+0 -74595-3 0  9992
2 25682  97.9919 129.3841 0001707  84.4891 275.6432 14.57208312219358
DLR-TUBSAT              
1 25757U 99029B   22077.82786640  .00000043  00000+0  22382-4 0  9991
2 25757  98.4798  19.5488 0015208  39.1172 321.1119 14.51475072208135
CXO                     
1 25867U 99040B   22078.14093854  .00001067  00000+0  00000+0 0  9995
2 25867  47.8791 241.2785 8712300 230.9353   0.5805  0.37816697 11457
ABS-7                   
1 25894U 99046A   22077.80200046 -.00000087  00000+0  00000+0 0  9998
2 25894   2.5333  88.6017 0004478 316.8847  55.5848  0.99976315 81571
ABS-6                   
1 25924U 99053A   22077.76275677 -.00000120  00000+0  00000+0 0  9995
2 25924   0.0199 318.7446 0001866  52.8457 238.3223  1.00271743 82297
NAVSTAR 46 (USA 145)    
1 25933U 99055A   22076.44259750 -.00000081  00000+0  00000+0 0  9991
2 25933  52.4094   2.5960 0143631 128.9109  29.5777  2.00561471164439
AMC-4 (GE-4)            
1 25954U 99060A   22077.70414618  .00000088  00000+0  00000+0 0  9992
2 25954   1.2900  92.8674 0003281 272.7206 289.2276  1.00270942 27993
UFO 10 (USA 146)        
1 25967U 99063A   22077.85693387 -.00000183  00000+0  00000+0 0  9994
2 25967   8.6024  33.7314 0002938 355.0215  73.2184  1.00268703 81792
ORBCOMM FM30            
1 25980U 99065A   22077.86764379  .00000327  00000+0  16891-3 0  9990
2 25980  45.0327 282.0729 0005277 206.7338 153.3237 14.33190939164071
ORBCOMM FM31            
1 25981U 99065B   22077.91731342  .00000342  00000+0  17397-3 0  9990
2 25981  45.0238 276.2484 0002413 232.4938 127.5689 14.33226388163630
ORBCOMM FM32            
1 25982U 99065C   22077.82790278  .00000307  00000+0  16425-3 0  9996
2 25982  45.0175 284.7969 0005112 241.0698 118.9636 14.32313239164336
ORBCOMM FM33            
1 25983U 99065D   22077.90567480  .00000466  00000+0  20926-3 0  9990
2 25983  45.0294 213.4695 0009379 230.4570 281.2185 14.35457188165401
ORBCOMM FM36            
1 25984U 99065E   22077.91575182  .00000301  00000+0  15937-3 0  9994
2 25984  45.0378 285.2956 0003491 113.1730 246.9484 14.33251022164019
ORBCOMM FM35            
1 25985U 99065F   22077.92293953  .00000293  00000+0  15629-3 0  9997
2 25985  45.0409 286.6892 0002307 251.2997 108.7600 14.33227571164425
XMM-NEWTON              
1 25989U 99066A   22074.75501167  .00000215  00000+0  00000+0 0  9996
2 25989  70.3150 306.5026 6176827  87.7984 359.8387  0.50133757 29570