CALSPHERE 1             
1 00900U 64063C   22077.92212392  .00000453  00000+0  47421-3 0  9998
2 00900  90.1732  39.2474 0025474 298.2009 120.8350 13.73711443858233
CALSPHERE 2             
1 00902U 64063E   22077.90726309  .00000027  00000+0  26538-4 0  9990
2 00902  90.1857  42.2594 0020055  54.2922 330.5022 13.52708932646534
LCS 1                   
1 01361U 65034C   22077.84247627  .00000000  00000+0 -10579-2 0  9991
2 01361  32.1389 260.4396 0013744 276.5020  83.3913  9.89301192 56257
TEMPSAT 1               
1 01512U 65065E   22077.90553917  .00000016  00000+0  15733-4 0  9997
2 01512  89.9090 219.4125 0068169 285.1119 194.3134 13.33446607753307
CALSPHERE 4A            
1 01520U 65065H   22077.87065689  .00000090  00000+0  15514-3 0  9994
2 01520  89.9972 130.2169 0070672 157.3855 265.4042 13.35874577755563