CALSPHERE 1             
1 00900U 64063C   22077.92212392  .00000453  00000+0  47421-3 0  9998
2 00900  90.1732  39.2474 0025474 298.2009 120.8350 13.73711443858233
CALSPHERE 2             
1 00902U 64063E   22077.90726309  .00000027  00000+0  26538-4 0  9990
2 00902  90.1857  42.2594 0020055  54.2922 330.5022 13.52708932646534
LCS 1                   
1 01361U 65034C   22077.84247627  .00000000  00000+0 -10579-2 0  9991
2 01361  32.1389 260.4396 0013744 276.5020  83.3913  9.89301192 56257
TEMPSAT 1               
1 01512U 65065E   22077.90553917  .00000016  00000+0  15733-4 0  9997
2 01512  89.9090 219.4125 0068169 285.1119 194.3134 13.33446607753307
CALSPHERE 4A            
1 01520U 65065H   22077.87065689  .00000090  00000+0  15514-3 0  9994
2 01520  89.9972 130.2169 0070672 157.3855 265.4042 13.35874577755563
OPS 5712 (P/L 160)      
1 02826U 67053A   22077.77558944  .00001566  00000+0  41872-3 0  9998
2 02826  69.9271 141.7690 0003950 152.6496 207.4846 14.50131459839589
LES-5                   
1 02866U 67066E   22077.80208767 -.00000055  00000+0  00000+0 0  9992
2 02866   1.4868 249.4675 0054775  34.6299 176.8964  1.09425034114059
SURCAL 159              
1 02872U 67053F   22077.47082747  .00000060  00000+0  78993-4 0  9992
2 02872  69.9726 100.0649 0008013 318.0518  41.9975 13.98887795793142
OPS 5712 (P/L 153)      
1 02874U 67053H   22077.74042498 -.00000007  00000+0  33816-4 0  9990
2 02874  69.9740 199.4419 0005383  32.0443 328.0989 13.96392344790166
SURCAL 150B             
1 02909U 67053J   22077.70577895  .00002334  00000+0  46503-3 0  9999
2 02909  69.9474 135.7558 0004399 203.4810 156.6130 14.63284442850337
RIGIDSPHERE 2 (LCS 4)   
1 05398U 71067E   22077.91983840  .00000473  00000+0  15937-3 0  9997
2 05398  87.6220  47.9448 0062011 325.9283  33.7939 14.34139551651282
OSCAR 7 (AO-7)          
1 07530U 74089B   22077.92466998 -.00000049  00000+0 -21089-4 0  9992
2 07530 101.8964  57.5382 0012001 214.3932 202.6416 12.53653539166123
STARLETTE               
1 07646U 75010A   22077.88549787 -.00000131  00000+0  91462-5 0  9992
2 07646  49.8233 107.6766 0205706 338.3917  20.8390 13.82311250379952
LAGEOS 1                
1 08820U 76039A   22077.62950965 -.00000002  00000+0  00000+0 0  9994
2 08820 109.8627   7.8781 0045080 274.2097 224.0099  6.38665051814056
PHASE 3B (AO-10)        
1 14129U 83058B   22077.44825461 -.00000294  00000+0  00000+0 0  9997
2 14129  26.4020 111.0277 5984783  57.6692 346.9220  2.05870028263538
UOSAT 2 (UO-11)         
1 14781U 84021B   22077.93928282  .00000620  00000+0  81451-4 0  9997
2 14781  97.6127  69.5366 0006891 257.3331 102.7113 14.83492945 26628
AJISAI (EGS)            
1 16908U 86061A   22077.93933972 -.00000114  00000+0 -11605-3 0  9991
2 16908  50.0074 237.3576 0011361 190.9560 350.4118 12.44495812287220
TDRS 3                  
1 19548U 88091B   22077.35081112 -.00000294  00000+0  00000+0 0  9996
2 19548  13.7801 352.0343 0039846 333.5309 287.8350  1.00273339109826
COSMOS 1989 (ETALON 1)  
1 19751U 89001C   22077.84150208  .00000069  00000+0  00000+0 0  9990
2 19751  64.2805 125.5033 0023660 213.0246 190.0399  2.13156310258305
COSMOS 2024 (ETALON 2)  
1 20026U 89039C   22077.72703553 -.00000057  00000+0  00000+0 0  9990
2 20026  65.5481   3.4580 0018370 219.1574 350.7364  2.13204251255425
FLTSATCOM 8 (USA 46)    
1 20253U 89077A   22075.89076880 -.00000074  00000+0  00000+0 0  9995
2 20253  12.8858   0.8524 0003751  60.8042 145.3715  1.00274865245034
LUSAT (LO-19)           
1 20442U 90005G   22077.89220823  .00000070  00000+0  42166-4 0  9997
2 20442  98.7831  41.4246 0012856  76.0159 284.2453 14.33030837680139
HST                     
1 20580U 90037B   22077.38140368  .00001902  00000+0  10278-3 0  9997
2 20580  28.4707  52.0679 0002782 133.4012 357.0796 15.10141767552436
SKYNET 4C               
1 20776U 90079A   22077.84716900  .00000131  00000+0  00000+0 0  9993
2 20776  13.8319   0.7397 0003555 353.0177 160.9813  1.00274263115335
TDRS 5                  
1 21639U 91054B   22077.58608910  .00000091  00000+0  00000+0 0  9993
2 21639  14.2445   5.3635 0028026 356.9318 217.2536  1.00277961112157
GEOTAIL                 
1 22049U 92044A   22082.29682516 -.00000889  00000+0  00000+0 0  9993
2 22049  44.4265  38.4181 4972018 195.2496 356.7865  0.19233090 12792
LAGEOS 2                
1 22195U 92070B   22073.63283903 -.00000009  00000+0  00000+0 0  9993
2 22195  52.6456 169.7300 0137748 227.3690 259.8940  6.47293956694719
TDRS 6                  
1 22314U 93003B   22077.91348049 -.00000289  00000+0  00000+0 0  9991
2 22314  14.1255   8.5942 0008302  93.5440 357.0874  1.00279761106855
SCD 1                   
1 22490U 93009B   22077.39588097  .00000343  00000+0  44677-4 0  9996
2 22490  24.9705  56.8075 0042678 294.5472 197.0433 14.44654721536376
UFO 2 (USA 95)          
1 22787U 93056A   22077.77998399  .00000131  00000+0  00000+0 0  9991
2 22787  11.4457  11.6362 0004068 349.4057 124.8606  1.00266935102999
STELLA                  
1 22824U 93061B   22077.56509576 -.00000031  00000+0  63020-5 0  9998
2 22824  98.9723  96.1469 0007304  63.1317  54.8915 14.27388548483577
EYESAT A (AO-27)        
1 22825U 93061C   22077.91415320  .00000047  00000+0  36169-4 0  9990
2 22825  98.8981 106.9902 0007702 321.1416  38.9211 14.30150880485219
ITAMSAT (IO-26)         
1 22826U 93061D   22077.88918105  .00000055  00000+0  38903-4 0  9993
2 22826  98.8924 106.8501 0008057 306.3054  53.7383 14.30493686485464
USA 99 (MILSTAR-1 1)    
1 22988U 94009A   22077.42185615 -.00000188  00000+0  00000+0 0  9997
2 22988  15.2005  44.0748 0002559 298.4479 255.3093  1.00271040 16082
USA 107 (DSP 17)        
1 23435U 94084A   22077.41655543 -.00000158  00000+0  00000+0 0  9996
2 23435  14.5866   6.4897 0000884  44.3526 178.3145  1.00268299 17393
RADIO ROSTO (RS-15)     
1 23439U 94085A   22077.93298636 -.00000037  00000+0  15882-3 0  9998
2 23439  64.8147 292.0296 0167006 288.0942  70.1855 11.27570999121286
UFO 4 (USA 108)         
1 23467U 95003A   22077.67056102 -.00000018  00000+0  00000+0 0  9992
2 23467   9.8459  18.1993 0003563  25.2612 186.4266  1.00270656 99395
AMSC 1                  
1 23553U 95019A   22077.49869259 -.00000087  00000+0  00000+0 0  9996
2 23553  11.8629  26.8163 0007279 336.1520 245.0626  1.00272538 98615
TDRS 7                  
1 23613U 95035B   22077.86702025 -.00000193  00000+0  00000+0 0  9997
2 23613  14.0116 359.2785 0029236  43.7919 170.0486  1.00268002 97599
USA 113                 
1 23628U 95038A   22077.82341016 -.00000332  00000+0  00000+0 0  9996
2 23628  11.9988  25.6264 0001658 309.2162 241.6491  1.00267047 17414
USA 115 (MILSTAR-1 2)   
1 23712U 95060A   22077.48952095 -.00000013  00000+0  00000+0 0  9998
2 23712  13.4903  14.9610 0002974 338.4647 238.7981  1.00271710 16087
POLAR                   
1 23802U 96013A   22077.14702256  .00000268  00000+0  00000+0 0  9993
2 23802  78.7475 242.5300 5850917 261.9841  31.5990  1.29846834124703
INMARSAT 3-F1           
1 23839U 96020A   22077.81785451  .00000142  00000+0  00000+0 0  9994
2 23839   7.3545  58.6832 0005418 331.0495 118.0986  0.99986983 94744
JAS-2 (FO-29)           
1 24278U 96046B   22077.70549739 -.00000036  00000+0 -25899-5 0  9998
2 24278  98.5286 113.8325 0350734 158.6019 203.0206 13.53111615263335
INMARSAT 3-F2           
1 24307U 96053A   22077.49967625 -.00000195  00000+0  00000+0 0  9999
2 24307   6.3131  67.6479 0008071 326.4474 241.6299  0.99983263 93405
AMC-1 (GE-1)            
1 24315U 96054A   22077.61955432  .00000068  00000+0  00000+0 0  9994
2 24315   5.4044  73.8980 0003579 283.9878 270.3951  1.00272683 30760
INMARSAT 3-F3           
1 24674U 96070A   22077.76328008 -.00000151  00000+0  00000+0 0  9993
2 24674   6.9409  62.3432 0005442 312.9766 237.6430  1.00007405 92397
GALAXY 25 (G-25)        
1 24812U 97026A   22077.74417929 -.00000002  00000+0  00000+0 0  9993
2 24812   3.4666  84.5416 0003223 289.8919 135.8380  1.00272451 90827
NAVSTAR 43 (USA 132)    
1 24876U 97035A   22077.12224501  .00000032  00000+0  00000+0 0  9999
2 24876  55.4965 159.2366 0056305  52.6846 307.8832  2.00563460180821
INTELSAT 5 (IS-5)       
1 24916U 97046A   22077.69795368  .00000104  00000+0  00000+0 0  9992
2 24916   7.0361  61.6721 0000521 243.6693 316.2201  1.00142868 90065
FORTE                   
1 24920U 97047A   22077.86526062  .00000158  00000+0  89354-4 0  9993
2 24920  69.9524 273.5848 0025037 234.5206 125.3579 14.26490834277346
AMC-3 (GE-3)            
1 24936U 97050A   22077.50133340 -.00000258  00000+0  00000+0 0  9996
2 24936   4.3216  80.3124 0003389 284.6400 279.5583  1.00271450 36870
USA 134                 
1 25019U 97065A   22077.54329319 -.00000055  00000+0  00000+0 0  9997
2 25019  10.9491  32.0481 0006634 336.5632 250.7365  1.00275590 17395
NAVSTAR 44 (USA 135)    
1 25030U 97067A   22077.49780840  .00000029  00000+0  00000+0 0  9996
2 25030  55.7143 225.6655 0018202 246.6071 194.8463  1.88437896177450
ASTRA 1G                
1 25071U 97076A   22077.81993002  .00000118  00000+0  00000+0 0  9992
2 25071   6.0376  68.9584 0004019 281.4671 140.4802  1.00270860 88955
ORBCOMM FM08            
1 25112U 97084A   22077.89330888  .00000538  00000+0  21632-3 0  9996
2 25112  45.0150 266.8380 0008401  32.6280 327.5087 14.39500202270158
ORBCOMM FM10            
1 25113U 97084B   22077.80997183  .00000539  00000+0  21662-3 0  9999
2 25113  45.0167 268.7779 0005736   7.1065 352.9865 14.39496353445292
ORBCOMM FM11            
1 25114U 97084C   22077.70371099  .00000444  00000+0  18694-3 0  9997
2 25114  45.0152 268.8347 0006492   6.1566 353.9362 14.39418563270256
ORBCOMM FM12            
1 25115U 97084D   22077.87447062  .00000499  00000+0  20440-3 0  9992
2 25115  45.0159 267.6971 0005430  10.2553 349.8406 14.39437064270077
ORBCOMM FM09            
1 25116U 97084E   22077.87456683  .00000527  00000+0  21304-3 0  9994
2 25116  45.0165 268.2396 0006321 352.4325   7.6428 14.39431729270289
ORBCOMM FM05            
1 25117U 97084F   22077.90834116  .00000282  00000+0  13467-3 0  9999
2 25117  45.0165 268.1720 0003597  32.4863 327.6207 14.39628286269378
ORBCOMM FM06            
1 25118U 97084G   22077.91302094  .00000522  00000+0  21153-3 0  9994
2 25118  45.0158 267.7998 0002740  44.2598  95.7096 14.39475099270292
ORBCOMM FM07            
1 25119U 97084H   22077.92495829  .00000568  00000+0  22602-3 0  9995
2 25119  45.0151 268.0761 0003835  18.3283 341.7703 14.39465194270291
INMARSAT 3-F5           
1 25153U 98006B   22077.41995008 -.00000286  00000+0  00000+0 0  9998
2 25153   6.1970  66.4300 0005236 294.3205 272.4018  1.00274585 88339
ORBCOMM FM04            
1 25159U 98007C   22077.30753340  .00000617  00000+0  28580-3 0  9998
2 25159 107.9889 229.3123 0044195 154.7850 205.5457 14.30189995254324
CELESTIS-02 & TAURUS R/B
1 25160U 98007D   22077.90805435 -.00000035  00000+0  42256-4 0  9991
2 25160 107.9870  84.4460 0064549 265.1017 153.6950 14.21603597249994
UFO 8 (USA 138)         
1 25258U 98016A   22077.66991852 -.00000021  00000+0  00000+0 0  9992
2 25258   9.3289  30.2539 0003250 333.2629 225.5635  1.00268501 88293
NOAA 15                 
1 25338U 98030A   22077.84298366  .00000084  00000+0  53563-4 0  9992
2 25338  98.6553 108.5179 0010176 195.8587 164.2276 14.26098628240109
TECHSAT 1B (GO-32)      
1 25397U 98043D   22077.84197299  .00000032  00000+0  33493-4 0  9997
2 25397  98.8077  28.1218 0001838  44.5752 315.5574 14.23737294230531
ORBCOMM FM18            
1 25414U 98046B   22077.79211554  .00000592  00000+0  26343-3 0  9991
2 25414  44.9967  16.7045 0002449  67.4508 292.6598 14.33368322233799
ORBCOMM FM19            
1 25415U 98046C   22077.92074420  .00000468  00000+0  21910-3 0  9993
2 25415  44.9974  16.8429 0002010  37.2128  11.9833 14.33315439233786
ORBCOMM FM20            
1 25416U 98046D   22077.23487528  .00000406  00000+0  19688-3 0  9996
2 25416  44.9970  20.4205 0002329 316.2672  43.7989 14.33271591233799
ORBCOMM FM15            
1 25418U 98046F   22077.29282119  .00000491  00000+0  22704-3 0  9990
2 25418  45.0001  21.8412 0000982  91.2739  36.1507 14.33389251233717
ORBCOMM FM14            
1 25419U 98046G   22077.29852837  .00000593  00000+0  26361-3 0  9997
2 25419  44.9996  21.4665 0001170   7.5679 151.9962 14.33417098233664
ORBCOMM FM13            
1 25420U 98046H   22077.35610069  .00000431  00000+0  20613-3 0  9990
2 25420  45.0003  23.4113 0002556  77.0327 283.0805 14.33192166233904
ASTRA 2A                
1 25462U 98050A   22077.80836740  .00000149  00000+0  00000+0 0  9997
2 25462   3.1770  86.5125 0002502 266.4266 142.3924  1.00268065 30788
ORBCOMM FM21            
1 25475U 98053A   22077.52772017  .00000342  00000+0  17399-3 0  9997
2 25475  45.0091 106.3578 0002077 253.8813 106.1805 14.33253602226819
ORBCOMM FM23            
1 25477U 98053C   22077.53112833  .00000402  00000+0  19611-3 0  9990
2 25477  45.0091 108.4908 0001236 273.1721  86.8984 14.33137541226961
ORBCOMM FM27            
1 25481U 98053G   22077.43531130  .00000401  00000+0  19528-3 0  9995
2 25481  45.0065 107.5375 0003070 245.2684 114.7843 14.33260037227199
SCD 2                   
1 25504U 98060A   22077.93526365  .00000315  00000+0  38426-4 0  9991
2 25504  24.9952 267.5912 0017057 309.7336 197.2273 14.44169987235747
ISS (ZARYA)             
1 25544U 98067A   22078.20143519  .00005499  00000+0  10619-3 0  9990
2 25544  51.6428  62.2505 0003939 284.2068 262.3470 15.49467014331228
SWAS                    
1 25560U 98071A   22077.75943968  .00001315  00000+0  13017-3 0  9996
2 25560  69.8985 214.6346 0004834 104.8644 255.3048 14.94442881264472
GLOBALSTAR M023         
1 25621U 99004A   22077.94342260 -.00000097  00000+0  36452-4 0  9996
2 25621  52.0108  65.2090 0010083  25.5363 353.0514 12.62402205 65907
SKYNET 4E               
1 25639U 99009B   22077.14206531 -.00000029  00000+0  00000+0 0  9992
2 25639  11.2026  17.4116 0002696 334.5465 233.6161  1.00273683 35822
GLOBALSTAR M037         
1 25652U 99012D   22077.65082657 -.00000107  00000+0 -17624-4 0  9991
2 25652  51.9992 197.1681 0002485  88.7914  14.5270 12.62345741 61412
LANDSAT 7               
1 25682U 99020A   22077.82797369 -.00003409  00000+0 -74595-3 0  9992
2 25682  97.9919 129.3841 0001707  84.4891 275.6432 14.57208312219358
DLR-TUBSAT              
1 25757U 99029B   22077.82786640  .00000043  00000+0  22382-4 0  9991
2 25757  98.4798  19.5488 0015208  39.1172 321.1119 14.51475072208135
CXO                     
1 25867U 99040B   22078.14093854  .00001067  00000+0  00000+0 0  9995
2 25867  47.8791 241.2785 8712300 230.9353   0.5805  0.37816697 11457
ABS-7                   
1 25894U 99046A   22077.80200046 -.00000087  00000+0  00000+0 0  9998
2 25894   2.5333  88.6017 0004478 316.8847  55.5848  0.99976315 81571
ABS-6                   
1 25924U 99053A   22077.76275677 -.00000120  00000+0  00000+0 0  9995
2 25924   0.0199 318.7446 0001866  52.8457 238.3223  1.00271743 82297
NAVSTAR 46 (USA 145)    
1 25933U 99055A   22076.44259750 -.00000081  00000+0  00000+0 0  9991
2 25933  52.4094   2.5960 0143631 128.9109  29.5777  2.00561471164439
AMC-4 (GE-4)            
1 25954U 99060A   22077.70414618  .00000088  00000+0  00000+0 0  9992
2 25954   1.2900  92.8674 0003281 272.7206 289.2276  1.00270942 27993
UFO 10 (USA 146)        
1 25967U 99063A   22077.85693387 -.00000183  00000+0  00000+0 0  9994
2 25967   8.6024  33.7314 0002938 355.0215  73.2184  1.00268703 81792
ORBCOMM FM30            
1 25980U 99065A   22077.86764379  .00000327  00000+0  16891-3 0  9990
2 25980  45.0327 282.0729 0005277 206.7338 153.3237 14.33190939164071
ORBCOMM FM31            
1 25981U 99065B   22077.91731342  .00000342  00000+0  17397-3 0  9990
2 25981  45.0238 276.2484 0002413 232.4938 127.5689 14.33226388163630
ORBCOMM FM32            
1 25982U 99065C   22077.82790278  .00000307  00000+0  16425-3 0  9996
2 25982  45.0175 284.7969 0005112 241.0698 118.9636 14.32313239164336
ORBCOMM FM33            
1 25983U 99065D   22077.90567480  .00000466  00000+0  20926-3 0  9990
2 25983  45.0294 213.4695 0009379 230.4570 281.2185 14.35457188165401
ORBCOMM FM36            
1 25984U 99065E   22077.91575182  .00000301  00000+0  15937-3 0  9994
2 25984  45.0378 285.2956 0003491 113.1730 246.9484 14.33251022164019
ORBCOMM FM35            
1 25985U 99065F   22077.92293953  .00000293  00000+0  15629-3 0  9997
2 25985  45.0409 286.6892 0002307 251.2997 108.7600 14.33227571164425
XMM-NEWTON              
1 25989U 99066A   22074.75501167  .00000215  00000+0  00000+0 0  9996
2 25989  70.3150 306.5026 6176827  87.7984 359.8387  0.50133757 29570
DMSP 5D-3 F15 (USA 147) 
1 25991U 99067A   22077.92150081  .00000096  00000+0  71217-4 0  9997
2 25991  99.0482  67.9732 0011197  86.1332 333.9046 14.16508656150956
TERRA                   
1 25994U 99068A   22077.84661667  .00000214  00000+0  57420-4 0  9991
2 25994  98.1445 151.8154 0001325  97.7267  35.5993 14.57145682183308
CELESTIS-03 & TAURUS R/B
1 26034U 99070C   22077.88911567  .00011537  00000+0  61292-3 0  9992
2 26034  98.3130  75.0968 0013052  80.7420 279.5286 15.15421273207344
GALAXY 11 (G-11)        
1 26038U 99071A   22077.44376358 -.00000162  00000+0  00000+0 0  9991
2 26038   2.7726  88.9209 0000548 182.1580 331.5522  1.00271723 81523
USA 148                 
1 26052U 00001A   22077.68449133  .00000044  00000+0  00000+0 0  9998
2 26052   9.3961  42.9372 0001960 297.6078 262.3865  1.00272844 17409
GLOBALSTAR M063         
1 26081U 00008A   22077.91139831 -.00000067  00000+0  23284-3 0  9993
2 26081  51.9987 355.6684 0004335 198.5535 236.5298 11.86130396 16804
MTI                     
1 26102U 00014A   22077.88197112  .00090456  00000+0  51331-3 0  9990
2 26102  97.4589   6.1922 0004965  45.5145 314.6419 15.78759555224310
ASIASTAR                
1 26107U 00016A   22077.82375903 -.00000331  00000+0  00000+0 0  9994
2 26107   5.4678  72.6914 0004641 288.3556 216.8659  1.00273424 80366
IMAGE                   
1 26113U 00017A   22077.56331065  .00000308  00000+0  20999-1 0  9998
2 26113  94.9287 289.8484 7451095 105.3160 341.0452  1.68652269135333
USA 149 (DSP 20)        
1 26356U 00024A   22077.59033941  .00000105  00000+0  00000+0 0  9994
2 26356  12.0164  22.0942 0001744 355.4196 206.2270  1.00287507 17351
NAVSTAR 47 (USA 150)    
1 26360U 00025A   22077.63857160  .00000021  00000+0  00000+0 0  9999
2 26360  53.9862  82.6170 0050574 183.2943 274.8137  2.00551947160155
TDRS 8                  
1 26388U 00034A   22077.57655992 -.00000230  00000+0  00000+0 0  9994
2 26388  10.2255  43.1725 0023090 333.8710  95.9766  1.00273687 79625
CLUSTER II-FM7 (SAMBA)  
1 26410U 00041A   22078.41807296 -.00000004  00000+0  00000+0 0  9997
2 26410 133.7671 346.9027 5450007 197.6635   0.2776  0.44174847 13412
CLUSTER II-FM6 (SALSA)  
1 26411U 00041B   22078.39328633 -.00000121  00000+0  00000+0 0  9998
2 26411 135.5431 349.8568 7067261 202.2406   0.2120  0.44214698 24487
INTELSAT 9 (IS-9)       
1 26451U 00043A   22077.79284256 -.00000284  00000+0  00000+0 0  9999
2 26451   7.0211  61.8414 0002538 295.7695  54.1386  1.00270934 28582
CLUSTER II-FM5 (RUMBA)  
1 26463U 00045A   22078.39765188 -.00000013  00000+0  00000+0 0  9999
2 26463 139.1268 350.0955 6590325 202.9413   0.2772  0.44215545 13340
CLUSTER II-FM8 (TANGO)  
1 26464U 00045B   22078.40102231 -.00000004  00000+0  00000+0 0  9996
2 26464 133.7703 346.8952 5446676 197.6801   0.1492  0.44219265 61090
NSS-11 (AAP-1)          
1 26554U 00059A   22077.76607108  .00000024  00000+0  00000+0 0  9993
2 26554   0.0127 182.9929 0002612 170.3900 274.6926  1.00270208 25738
USA 153                 
1 26575U 00065A   22077.82951543 -.00000321  00000+0  00000+0 0  9996
2 26575   8.9481  46.2681 0001632 296.1355 266.8592  1.00266644 17372
AMC-6 (GE-6)            
1 26580U 00067A   22077.77505455  .00000104  00000+0  00000+0 0  9993
2 26580   0.0226 280.0544 0002818  87.2232 309.0316  1.00272039 78369
NAVSTAR 49 (USA 154)    
1 26605U 00071A   22077.81316437  .00000038  00000+0  00000+0 0  9997
2 26605  55.0786 156.2413 0133096 253.4006 104.3600  2.00564107156399
INTELSAT 1R (IS-1R)     
1 26608U 00072A   22077.65817403 -.00000137  00000+0  00000+0 0  9993
2 26608   4.2308  80.8147 0002097 351.7061 137.7111  1.00270863 25768
ANIK F1                 
1 26624U 00076A   22077.63759703 -.00000061  00000+0  00000+0 0  9997
2 26624   1.2050  93.7035 0006613 305.5213 257.2402  1.00271718 27583
ASTRA 2D                
1 26638U 00081A   22077.66393859  .00000133  00000+0  00000+0 0  9996
2 26638   7.1026  60.9058 0002321 280.2186  97.7356  1.00272926 37350
AMC-8 (GE-8)            
1 26639U 00081B   22077.70414618  .00000088  00000+0  00000+0 0  9998
2 26639   2.2194  89.5441 0002700 267.0589 298.1028  1.00272681 77778
NAVSTAR 50 (USA 156)    
1 26690U 01004A   22077.19285374  .00000034  00000+0  00000+0 0  9990
2 26690  53.8864  90.0496 0004033 291.9602 252.9088  1.91595446153801
ODIN                    
1 26702U 01007A   22077.77832975  .00002293  00000+0  14801-3 0  9993
2 26702  97.5270  94.1935 0009066 234.7575 125.2806 15.09234191153204
USA 157 (MILSTAR-2 2)   
1 26715U 01009A   22077.53437008  .00000019  00000+0  00000+0 0  9997
2 26715   9.9278  27.5736 0002370 333.1364 243.4201  1.00272221 16081
EUTELSAT 133 WEST A     
1 26719U 01011A   22077.70449505  .00000079  00000+0  00000+0 0  9994
2 26719   3.4900  83.6103 0002579 277.4419 295.9423  1.00270779 76988
BSAT-2A                 
1 26720U 01011B   22077.49697250 -.00000021  00000+0  00000+0 0  9992
2 26720   7.4207  59.5844 0001538 306.8963 254.8075  0.99175382 76587
INTELSAT 10 (IS-10)     
1 26766U 01019A   22077.76641993  .00000037  00000+0  00000+0 0  9999
2 26766   5.3633  74.1176 0003236 292.2344 263.6446  1.00272267 30062
INTELSAT 901 (IS-901)   
1 26824U 01024A   22077.43844912 -.00000203  00000+0  00000+0 0  9996
2 26824   0.0195 192.7446 0001129 181.3796 292.1792  1.00270847  7413
ASTRA 2C                
1 26853U 01025A   22077.50124618 -.00000257  00000+0  00000+0 0  9990
2 26853   4.3470  80.1161 0002770 282.0431 281.8543  1.00270821 29482
OMNI-M1                 
1 26857U 01026A   22072.42300409  .00000007  00000+0  00000+0 0  9997
2 26857  44.8182 243.5637 0016851  35.5445 324.5812  3.92403045144479
USA 159 (DSP 21)        
1 26880U 01033A   22077.72124093 -.00000291  00000+0  00000+0 0  9998
2 26880  11.3442  26.3272 0000780  78.0073 282.4769  1.00269881 17408
INTELSAT 902 (IS-902)   
1 26900U 01039A   22077.79284256 -.00000281  00000+0  00000+0 0  9991
2 26900   2.1784  89.9787 0003191 278.3181  43.3382  1.00272046 75134
PCSAT (NO-44)           
1 26931U 01043C   22077.78239574  .00000058  00000+0  53706-4 0  9999
2 26931  67.0504 292.4291 0007588 276.1761  83.8475 14.30671580 68433
PROBA-1                 
1 26958U 01049B   22077.87958999  .00001173  00000+0  10483-3 0  9996
2 26958  97.8093  37.8831 0070770 287.0615  72.2871 14.96063778110930
BIRD 2                  
1 26959U 01049C   22077.78915429  .00008238  00000+0  19655-3 0  9997
2 26959  97.7643 163.6367 0006565 346.9393  13.1682 15.41815387439202
TIMED                   
1 26998U 01055B   22077.51469294  .00000514  00000+0  59290-4 0  9991
2 26998  74.0707 100.7929 0001954 302.5169  57.5823 14.88501972 99478
MAROC-TUBSAT            
1 27004U 01056D   22077.92669406 -.00000037  00000+0  86241-5 0  9991
2 27004  99.6075 218.3829 0020097 163.7094 306.1554 13.70153494 13748
COSMOS 2385             
1 27056U 01058B   22077.82289657  .00000018  00000+0  44178-4 0  9995
2 27056  82.5384 131.9765 0007120 126.5642 233.6105 12.60516700930482
COSMOS 2386             
1 27057U 01058C   22077.81388075  .00000019  00000+0  48636-4 0  9993
2 27057  82.5443 127.3287 0001214  69.1319 290.9904 12.61564088931238
USA 164 (MILSTAR-2 3)   
1 27168U 02001A   22077.08883727  .00000105  00000+0  00000+0 0  9992
2 27168   9.4125  29.3817 0002227 322.9565 234.2251  1.00275164 16082
RHESSI                  
1 27370U 02004A   22077.78719120  .00014065  00000+0  35262-3 0  9994
2 27370  38.0320 206.5165 0009332 174.8151 185.2720 15.39440565112614
ECHOSTAR 7              
1 27378U 02006A   22077.70466948  .00000106  00000+0  00000+0 0  9992
2 27378   0.0190  84.2553 0005176 300.1604 273.1553  0.99836473 35046
INTELSAT 904 (IS-904)   
1 27380U 02007A   22077.79694181 -.00000212  00000+0  00000+0 0  9996
2 27380   3.0093  86.8794 0003217 277.5084  69.3297  1.00271399 36204
TDRS 9                  
1 27389U 02011A   22077.43810865 -.00000282  00000+0  00000+0 0  9997
2 27389   8.8278  61.6359 0028024 296.2681 273.4148  1.00275097 74881
ASTRA 3A                
1 27400U 02015B   22077.42402719 -.00000200  00000+0  00000+0 0  9999
2 27400   7.2065  59.7537 0001869 287.9045 254.1742  1.00270513 73161
NSS-7                   
1 27414U 02019A   22077.84908626 -.00000155  00000+0  00000+0 0  9991
2 27414   5.6893  72.0365 0002630 295.0282  94.9552  1.00270921 73010
AQUA                    
1 27424U 02022A   22077.85810372  .00000433  00000+0  10618-3 0  9995
2 27424  98.2394  20.6593 0001533 102.6819 321.7997 14.57171236 56994
DIRECTV 5 (TEMPO 1)     
1 27426U 02023A   22077.63639535 -.00000056  00000+0  00000+0 0  9996
2 27426   0.8980  94.2355 0003794 279.6624 281.2474  1.00272120 72568
INTELSAT 905 (IS-905)   
1 27438U 02027A   22077.79790122 -.00000183  00000+0  00000+0 0  9991
2 27438   2.8317  87.6362 0002713 270.1425  81.2979  1.00272123 35803
GALAXY 3C (G-3C)        
1 27445U 02030A   22077.44300253 -.00000151  00000+0  00000+0 0  9992
2 27445   0.0076  95.8403 0001969 239.0170 265.5720  1.00269138 30946
EUTELSAT 5 WEST A       
1 27460U 02035A   22077.80182602 -.00000042  00000+0  00000+0 0  9999
2 27460   2.0916  90.3325 0006083 268.5471 101.0917  1.00271842 72060
COSMOS 2390             
1 27464U 02036A   22077.82686978  .00000035  00000+0  17274-3 0  9997
2 27464  82.4806 234.9173 0025974  53.5579 306.7897 12.44579339894832
COSMOS 2391             
1 27465U 02036B   22077.84220022  .00000033  00000+0  16403-3 0  9995
2 27465  82.4807 232.0777 0026697  49.7757 310.5650 12.44900564895054
METEOSAT-8 (MSG-1)      
1 27509U 02040B   22077.52403899  .00000139  00000+0  00000+0 0  9998
2 27509   7.8703  51.1204 0001399 328.1013  27.0532  1.00278727 71699
INTELSAT 906 (IS-906)   
1 27513U 02041A   22077.74383043  .00000015  00000+0  00000+0 0  9999
2 27513   1.8455  91.5270 0003829 284.0152 132.6349  1.00272046 71470
HISPASAT 30W-4          
1 27528U 02044A   22077.70248903  .00000118  00000+0  00000+0 0  9993
2 27528   2.5892  87.4205 0003679 250.8875 307.7430  1.00273340 27416
INTEGRAL                
1 27540U 02048A   22077.36513184 -.00000035  00000+0  00000+0 0  9998
2 27540  72.6319  65.1654 8937086 299.4504  61.1430  0.37586929 20803
TDRS 10                 
1 27566U 02055A   22077.75191931  .00000094  00000+0  00000+0 0  9993
2 27566   8.0387  50.4583 0009550 322.5812 262.7583  1.00274007 70675
NSS-6                   
1 27603U 02057A   22077.76903649  .00000108  00000+0  00000+0 0  9991
2 27603   1.3805  92.6402 0003583 275.4380 275.5877  1.00275660 70485
LATINSAT B              
1 27606U 02058B   22077.93161571  .00000218  00000+0  54396-4 0  9998
2 27606  64.5560 305.9684 0078900 321.9472  37.6070 14.72497464 33362
SAUDISAT 1C (SO-50)     
1 27607U 02058C   22077.87240275  .00000455  00000+0  83809-4 0  9995
2 27607  64.5544 219.0522 0072329 312.4685  47.0317 14.75956055 35002
LATINSAT A              
1 27612U 02058H   22077.49617973  .00000492  00000+0  82890-4 0  9992
2 27612  64.5545  76.4705 0057596 289.0585  70.4287 14.79758231 37620
NIMIQ 2                 
1 27632U 02062A   22077.63780910 -.00000063  00000+0  00000+0 0  9990
2 27632   5.7939  71.2713 0000783 253.3897 331.9209  1.00272842 28622
CORIOLIS                
1 27640U 03001A   22077.92558949  .00000058  00000+0  48434-4 0  9991
2 27640  98.7210  88.3510 0014187   2.5811  56.6464 14.19109322994130
SORCE                   
1 27651U 03004A   22077.83374404  .00000936  00000+0  10983-3 0  9990
2 27651  39.9968   3.3762 0023678 198.9217 161.0694 14.89635478 39555
NAVSTAR 51 (USA 166)    
1 27663U 03005A   22077.79348809  .00000028  00000+0  00000+0 0  9996
2 27663  55.5751 276.6584 0126348  40.3088 152.3843  2.00569875140192
USA 167                 
1 27691U 03008A   22077.61976650  .00000059  00000+0  00000+0 0  9996
2 27691   7.8648  55.1769 0002847 338.9772 234.8645  1.00272073 17397
NAVSTAR 52 (USA 168)    
1 27704U 03010A   22077.72254920 -.00000065  00000+0  00000+0 0  9993
2 27704  54.9916  26.9801 0247169 303.2407  57.6743  2.00575974138991
USA 169 (MILSTAR-2 4)   
1 27711U 03012A   22077.88729221 -.00000190  00000+0  00000+0 0  9990
2 27711   9.9905  40.8067 0002392 312.9958 294.1779  1.00270588 17390
GALAXY 12 (G-12)        
1 27715U 03013B   22077.70528000  .00000059  00000+0  00000+0 0  9991
2 27715   3.0435  86.4752 0002151 279.7062 294.9369  1.00272206 36532
ASIASAT 4               
1 27718U 03014A   22077.82463122 -.00000361  00000+0  00000+0 0  9998
2 27718   0.7405  95.2311 0004315 262.1690 225.5402  1.00538686 29742
HELLAS-SAT 2            
1 27811U 03020A   22077.79859895 -.00000123  00000+0  00000+0 0  9997
2 27811   3.4596  85.5378 0006540 270.4040  86.5197  1.00510969 27282
THURAYA-2               
1 27825U 03026A   22077.81785451  .00000131  00000+0  00000+0 0  9995
2 27825   6.6243  34.3464 0002764 294.3919 186.0122  1.00272428 68793
OPTUS C1                
1 27831U 03028B   22077.76205903 -.00000149  00000+0  00000+0 0  9997
2 27831   2.9728  87.4256 0005862 273.7249 245.1985  1.00271523 37508
MOST                    
1 27843U 03031D   22077.92363900  .00000031  00000+0  34507-4 0  9997
2 27843  98.7104  86.8485 0010874  53.3231 306.8943 14.20666655970393
CUTE-1 (CO-55)          
1 27844U 03031E   22077.89611626  .00000183  00000+0  10181-3 0  9994
2 27844  98.6817  86.9406 0009994  11.2219 348.9180 14.22396524970991
CUBESAT XI-IV (CO-57)   
1 27848U 03031J   22077.90150711  .00000151  00000+0  87931-4 0  9996
2 27848  98.6865  87.4822 0010114  24.8819 335.2844 14.21961137970812
GALAXY 23 (G-23)        
1 27854U 03034A   22077.70693715  .00000012  00000+0  00000+0 0  9993
2 27854   0.0417 256.9808 0002852 102.1378 310.6070  1.00273125 68188
SCISAT 1                
1 27858U 03036A   22077.91564671  .00000352  00000+0  54360-4 0  9990
2 27858  73.9357   2.8355 0006610  57.6765 302.5049 14.77464082  2062
COSMOS 2400             
1 27868U 03037A   22077.83156200  .00000039  00000+0  20279-3 0  9991
2 27868  82.4702 222.5237 0021317 207.7818 152.2126 12.45145753844570
COSMOS 2401             
1 27869U 03037B   22077.86463721  .00000042  00000+0  22490-3 0  9995
2 27869  82.4688 219.5531 0022335 205.0084 154.9916 12.45462696844792
USA 170                 
1 27875U 03040A   22077.79441250 -.00000268  00000+0  00000+0 0  9991
2 27875   7.1924  60.4979 0001946 309.8579  49.7161  1.00270862 17406
MOZHAYETS 4 (RS-22)     
1 27939U 03042A   22077.76783043  .00000719  00000+0  13647-3 0  9995
2 27939  98.1737 218.5964 0014072 131.2476 228.9947 14.67185041987743
GALAXY 13 (HORIZONS-1)  
1 27954U 03044A   22077.70554166  .00000048  00000+0  00000+0 0  9990
2 27954   0.0228 127.8130 0000456 198.3353 337.0409  1.00270625 31014
IRS-P6 (RESOURCESAT-1)  
1 28051U 03046A   22077.83004247  .00000130  00000+0  60615-4 0  9990
2 28051  98.4138 151.2505 0057350 287.8015  71.6905 14.34212570958033
DMSP 5D-3 F16 (USA 172) 
1 28054U 03048A   22077.92837307  .00000037  00000+0  43684-4 0  9999
2 28054  98.9836  68.2956 0006806 206.9484 206.2452 14.13657367950247
CHUANGXIN 1 (CX-1)      
1 28058U 03049B   22077.55472997  .00000114  00000+0  44201-4 0  9995
2 28058  98.7051 289.2636 0012604 189.7335 170.3614 14.47102691971789
YAMAL 202               
1 28089U 03053A   22077.69184840 -.00000078  00000+0  00000+0 0  9990
2 28089   2.4075  88.9478 0003579 293.1804 206.6868  1.00272615 67128
UFO 11 (USA 174)        
1 28117U 03057A   22077.58108512 -.00000090  00000+0  00000+0 0  9990
2 28117   6.8595  37.9147 0005165 352.3237  69.6809  1.00271085 66898
USA 176 (DSP 22)        
1 28158U 04004A   22077.58226503 -.00000213  00000+0  00000+0 0  9996
2 28158   9.9741  35.7582 0000887   3.6611  73.6667  1.00270572 17373
ABS-4 (MOBISAT-1)       
1 28184U 04007A   22077.74321990  .00000041  00000+0  00000+0 0  9990
2 28184   2.0944  90.1374 0005307 271.5306 143.1377  1.00270491 36781
EUTELSAT 7A             
1 28187U 04008A   22077.77488010  .00000105  00000+0  00000+0 0  9995
2 28187   1.8807  89.0114 0004252 272.4787 314.5514  1.00273060 65794
NAVSTAR 54 (USA 177)    
1 28190U 04009A   22077.66586861 -.00000053  00000+0  00000+0 0  9994
2 28190  56.0548 337.6234 0088558 116.3975 142.1893  2.00562089131829
SHIYAN 1 (SY-1)         
1 28220U 04012A   22077.90919927  .00002389  00000+0  19032-3 0  9994
2 28220  97.9760  67.5326 0014608 287.1892  72.7731 15.01301093976483
AMC-11 (GE-11)          
1 28252U 04017A   22077.70493113  .00000069  00000+0  00000+0 0  9990
2 28252   0.0114 205.2232 0002792 164.0430 289.7431  1.00271452 65323
INTELSAT 10-02          
1 28358U 04022A   22077.80261098 -.00000012  00000+0  00000+0 0  9998
2 28358   0.0359 260.6389 0001102 107.6890  95.9418  1.00271108 64987
APRIZESAT 2             
1 28366U 04025A   22077.89230254  .00000091  00000+0  42711-4 0  9995
2 28366  98.1807 311.5768 0106389 247.2792 111.7122 14.36786526928812
SAUDICOMSAT 1           
1 28369U 04025D   22077.86407402  .00000252  00000+0  72363-4 0  9991
2 28369  98.4297  38.9813 0034757  92.1933 268.3243 14.52717433938694
SAUDICOMSAT 2           
1 28370U 04025E   22077.85924189  .00000205  00000+0  67324-4 0  9997
2 28370  98.5214  37.7397 0056532 276.3786  83.0971 14.47633317935528
SAUDISAT 2              
1 28371U 04025F   22077.82698309  .00000154  00000+0  47073-4 0  9999
2 28371  98.3666  34.4473 0026481  25.6011 334.6530 14.54500375940115
APRIZESAT 1             
1 28372U 04025G   22077.84556854  .00000119  00000+0  42543-4 0  9998
2 28372  98.4824  38.0882 0045988 189.9308 170.0981 14.49745199936973
AURA                    
1 28376U 04026A   22077.85256517  .00000492  00000+0  11913-3 0  9997
2 28376  98.2010  22.5314 0001363  85.0026 275.1328 14.57115882940035
ANIK F2                 
1 28378U 04027A   22077.63646168 -.00000050  00000+0  00000+0 0  9993
2 28378   0.0632  95.5627 0002022  60.3972 138.2150  1.00271716 25707
COSMOS 2407             
1 28380U 04028A   22077.91122154  .00000034  00000+0  20129-4 0  9992
2 28380  82.9625 143.4691 0037688 270.9847  88.6999 13.76105985886716
SHIJIAN-6 01A (SJ-6 01A)
1 28413U 04035A   22077.96543965  .00001217  00000+0  11701-3 0  9998
2 28413  97.7190  99.9999 0011886   5.6810 354.4544 14.94811354954503
SHIJIAN-6 01B (SJ-6 01B)
1 28414U 04035B   22077.85713793  .00000299  00000+0  32908-4 0  9997
2 28414  97.7233  99.7689 0006075   6.1288 353.9985 14.94507410954424
COSMOS 2408             
1 28419U 04037A   22077.81904986  .00000032  00000+0  15073-3 0  9994
2 28419  82.4843 217.6376 0016936  71.1795 289.1121 12.45628708794920
COSMOS 2409             
1 28420U 04037B   22077.82334245  .00000039  00000+0  20020-3 0  9997
2 28420  82.4837 220.2005 0014644  79.6358 280.6373 12.45281567794738
AMC-15                  
1 28446U 04041A   22077.64099244 -.00000089  00000+0  00000+0 0  9995
2 28446   0.0460 335.9476 0002876  30.3135 295.6111  1.00271916 63765
JB-3 3 (ZY 2C)          
1 28470U 04044A   22077.58631002  .00000828  00000+0  63643-4 0  9999
2 28470  97.2510 296.9280 0044755 187.3079 172.7501 15.03508755953574
NAVSTAR 56 (USA 180)    
1 28474U 04045A   22077.74608699 -.00000064  00000+0  00000+0 0  9994
2 28474  55.3204  27.0842 0208410 277.7833 306.7617  2.00569245127318
SWIFT                   
1 28485U 04047A   22077.74544626  .00003093  00000+0  17704-3 0  9994
2 28485  20.5559 226.8605 0010449 228.1035 131.8508 15.05755231949937
HELIOS 2A               
1 28492U 04049A   22077.78011913  .00001358  00000+0  13685-3 0  9992
2 28492  98.2268  16.6515 0014821  25.5133 334.6828 14.92870811921592
NANOSAT-1               
1 28493U 04049B   22077.87969985  .00000492  00000+0  82971-4 0  9997
2 28493  98.1072 178.6653 0003854 208.0452 152.0549 14.73846464926529
COSMOS 2414             
1 28521U 05002A   22077.82979015  .00000065  00000+0  40679-4 0  9994
2 28521  82.9510 136.7622 0041889  72.6919 287.8817 13.87648278868980
NSS-10 (AMC-12)         
1 28526U 05003A   22077.79537189 -.00000250  00000+0  00000+0 0  9994
2 28526   2.5571  88.3003 0003145 262.8066  74.0926  1.00271606 37595
XTAR-EUR                
1 28542U 05005A   22077.43067269  .00000150  00000+0  00000+0 0  9990
2 28542   0.3468  95.5672 0003125 262.4348   1.9863  1.00271414 62632
XM-3 (RHYTHM)           
1 28626U 05008A   22077.44865375 -.00000206  00000+0  00000+0 0  9994
2 28626   0.0501  11.3189 0000930  78.4332 162.6454  1.00271189 27066
INMARSAT 4-F1           
1 28628U 05009A   22077.83117258 -.00000259  00000+0  00000+0 0  9998
2 28628   3.5475  34.0919 0003064 331.3873 253.5905  1.00271888 62113
IRS-P5 (CARTOSAT-1)     
1 28649U 05017A   22077.73482843  .00000569  00000+0  74621-4 0  9992
2 28649  97.7304 141.0178 0002454 122.0142 238.1311 14.83969979913287
NOAA 18                 
1 28654U 05018A   22077.83388001  .00000179  00000+0  12072-3 0  9999
2 28654  98.9575 148.3146 0013709 224.2968 135.7107 14.12700401867274
DIRECTV 8               
1 28659U 05019A   22077.62966958  .00000000  00000+0  00000+0 0  9992
2 28659   0.0064 164.7105 0003097 195.6358 283.4303  1.00272517 61513
GALAXY 28 (G-28)        
1 28702U 05022A   22077.64126187 -.00000186  00000+0  00000+0 0  9995
2 28702   0.0324 275.9245 0002332  84.3776 317.7047  1.00272945 36423
EXPRESS-AM3             
1 28707U 05023A   22077.96716013  .00000081  00000+0  00000+0 0  9992
2 28707   3.3685  84.6788 0002338 251.2761 246.2717  0.98994821 61288
SJ-7                    
1 28737U 05024A   22077.88272191  .00002024  00000+0  18002-3 0  9995
2 28737  97.7145  77.2762 0031251 266.6684  93.0962 14.96859375914441
THAICOM 4               
1 28786U 05028A   22077.82663723 -.00000363  00000+0  00000+0 0  9992
2 28786   0.0242 168.6127 0002627 193.9687 230.8661  1.00267790 36706
GALAXY 14 (G-14)        
1 28790U 05030A   22077.80932678  .00000155  00000+0  00000+0 0  9994
2 28790   1.0326  93.1006 0002123 263.0674 144.4057  1.00272813 60752
REIMEI (INDEX)          
1 28810U 05031B   22077.72795612  .00001173  00000+0  12377-3 0  9999
2 28810  98.0669 138.2495 0026433 254.0142 105.8164 14.91105567898590
ANIK F1R                
1 28868U 05036A   22077.63872977 -.00000075  00000+0  00000+0 0  9994
2 28868   0.3304  93.9623 0002968 285.9696 278.8666  1.00272143 30899
NAVSTAR 57 (USA 183)    
1 28874U 05038A   22077.67142324 -.00000050  00000+0  00000+0 0  9996
2 28874  56.1246 335.0532 0137708 274.4168   8.0369  2.00552132120711
GALAXY 15 (G-15)        
1 28884U 05041A   22077.70449505  .00000078  00000+0  00000+0 0  9995
2 28884   0.0230 133.2766 0001794 243.1926 280.3398  1.00273329 60054
SYRACUSE 3A             
1 28885U 05041B   22077.81220498  .00000129  00000+0  00000+0 0  9993
2 28885   0.8946  94.3913 0003137 265.1989 156.1265  1.00269663 60198
BEIJING 1               
1 28890U 05043A   22077.82389871  .00000199  00000+0  49598-4 0  9990
2 28890  98.1025 201.9749 0016704  98.2506 262.0599 14.61399110873909
SINAH 1                 
1 28893U 05043D   22077.89407915  .00000187  00000+0  46807-4 0  9997
2 28893  98.0970 203.2773 0016465  96.6714 263.6362 14.61642454873726
CUBESAT XI-V            
1 28895U 05043F   22077.90625667  .00000686  00000+0  13917-3 0  9996
2 28895  98.0906 210.7705 0017790  68.5980 291.7118 14.64143905874160
INMARSAT 4-F2           
1 28899U 05044A   22077.74374321  .00000012  00000+0  00000+0 0  9999
2 28899   3.4341  36.5000 0002890 329.4168 141.9925  1.00271596 59960
SPACEWAY 2              
1 28903U 05046B   22077.70336122  .00000104  00000+0  00000+0 0  9992
2 28903   1.7002  88.6020 0000801 167.9967  33.9189  1.00272076 35783
COSMOS 2416             
1 28908U 05048A   22077.89616883 -.00000011  00000+0 -13078-3 0  9996
2 28908  82.4690 219.5807 0007699  40.0746  77.9089 12.55515565744221
METEOSAT-9 (MSG-2)      
1 28912U 05049B   22077.82012060  .00000150  00000+0  00000+0 0  9991
2 28912   5.8164  66.8532 0000910 262.6344 168.7081  1.00424304 59480
EUTELSAT 174A           
1 28924U 05052A   22077.76572219  .00000009  00000+0  00000+0 0  9991
2 28924   0.2826  91.2129 0006333 268.0344 266.6929  1.00270970 36770
ECHOSTAR 10             
1 28935U 06003A   22077.63646597 -.00000056  00000+0  00000+0 0  9990
2 28935   0.0239 281.9034 0001852  45.5247 327.6747  1.00270688 58914
SPAINSAT                
1 28945U 06007A   22077.59409676 -.00000217  00000+0  00000+0 0  9994
2 28945   0.0451 247.2915 0003042  89.3121  23.3719  1.00273655 58651
EUTELSAT HOTBIRD 13E    
1 28946U 06007B   22077.80540197  .00000086  00000+0  00000+0 0  9996
2 28946   0.0440 176.8552 0002401 187.2252 115.1751  1.00273415 58756
JCSAT-5A                
1 29045U 06010A   22077.82907934 -.00000329  00000+0  00000+0 0  9990
2 29045   0.0103 164.3370 0002420 220.8627 221.6675  1.00271037 58200
ASTRA 1KR               
1 29055U 06012A   22077.80662302  .00000119  00000+0  00000+0 0  9994
2 29055   0.0488 270.9841 0002777  29.1289 185.7452  1.00270863 30178
EROS B                  
1 29079U 06014A   22077.84617873  .00011282  00000+0  49906-3 0  9994
2 29079  97.3699 200.1690 0004069 260.1796 256.9670 15.21837508882586
CLOUDSAT                
1 29107U 06016A   22077.84475458  .00000198  00000+0  48412-4 0  9995
2 29107  98.3183  37.2108 0002212 203.4937 156.6163 14.62821905845787
CALIPSO                 
1 29108U 06016B   22077.83990340  .00000619  00000+0  13095-3 0  9993
2 29108  98.3151  36.8136 0001307  79.0636 281.0712 14.62761806845771
EWS-G1 (GOES 13)        
1 29155U 06018A   22077.74330712  .00000036  00000+0  00000+0 0  9999
2 29155   0.3613  97.2630 0002451 169.3940 238.6391  1.00272957 27822
EUTELSAT 113 WEST A     
1 29162U 06020A   22077.63420339 -.00000038  00000+0  00000+0 0  9996
2 29162   0.0117 263.4696 0002972  94.0878 293.8998  1.00271496 57913
RESURS-DK 1             
1 29228U 06021A   22077.91342231  .00000834  00000+0  69192-4 0  9990
2 29228  69.9379 359.7151 0006557 227.9187 132.1417 15.02985978868777
GALAXY 16 (G-16)        
1 29236U 06023A   22077.63951751 -.00000127  00000+0  00000+0 0  9997
2 29236   0.0041 159.5562 0002901 208.0203 299.7972  1.00271586 57411
GENESIS 1               
1 29252U 06029A   22077.88079416  .00003523  00000+0  16595-3 0  9999
2 29252  64.5245   8.3405 0059830 276.2287  83.2024 15.19805513865283
ARIRANG-2 (KOMPSAT-2)   
1 29268U 06031A   22077.83556262  .00000307  00000+0  69795-4 0  9991
2 29268  97.9038 310.8538 0015389 300.2015  59.7670 14.62217721834653
EUTELSAT HOTBIRD 13B    
1 29270U 06032A   22077.73362590  .00000086  00000+0  00000+0 0  9996
2 29270   0.0678   4.3937 0006158 348.7411 100.2064  1.00272853 31754
JCSAT-3A                
1 29272U 06033A   22077.75656428 -.00000346  00000+0  00000+0 0  9997
2 29272   0.0389 262.9382 0002450 125.6712 188.0265  1.00270440 32183
SYRACUSE 3B             
1 29273U 06033B   22077.80173882 -.00000044  00000+0  00000+0 0  9997
2 29273   0.0208 133.2299 0003764 240.5408  85.9678  1.00272131 57144
KOREASAT 5 (MUGUNGWHA 5)
1 29349U 06034A   22077.82532896 -.00000359  00000+0  00000+0 0  9997
2 29349   0.0105 191.2244 0001657 149.8537 245.4347  1.00273226 25766
HINODE (SOLAR-B)        
1 29479U 06041A   22077.92978152  .00000306  00000+0  66456-4 0  9992
2 29479  98.1273  94.2219 0019333 147.7193 212.5197 14.64712707827509
NAVSTAR 58 (USA 190)    
1 29486U 06042A   22077.86083354  .00000023  00000+0  00000+0 0  9999
2 29486  54.7278 212.8747 0103660  20.7675 318.0387  2.00559623113274
DIRECTV 9S              
1 29494U 06043A   22077.64431722 -.00000114  00000+0  00000+0 0  9993
2 29494   0.0140 221.3498 0003162 141.2173 304.3492  1.00271762 35824
OPTUS D1                
1 29495U 06043B   22077.76293122 -.00000112  00000+0  00000+0 0  9995
2 29495   0.0285 276.6901 0003630  83.8230 250.4107  1.00271265 56568
SHIJIAN-6 02A (SJ-6 02A)
1 29505U 06046A   22077.85458827  .00001791  00000+0  16631-3 0  9999
2 29505  97.7858  99.4611 0006060  68.6447 291.5399 14.95648576839153
SHIJIAN-6 02B (SJ-6 02B)
1 29506U 06046B   22077.85604033  .00000759  00000+0  76955-4 0  9991
2 29506  97.8047  99.6593 0003140 132.7187 227.4274 14.93800863838613
XM-4 (BLUES)            
1 29520U 06049A   22077.63300288 -.00000024  00000+0  00000+0 0  9990
2 29520   0.0660 317.0862 0001797  12.8878 318.8311  1.00271407 35912
DMSP 5D-3 F17 (USA 191) 
1 29522U 06050A   22077.93396229  .00000094  00000+0  72302-4 0  9992
2 29522  98.7733  94.6592 0010415 153.4543 206.7165 14.14079598793116
BADR-4                  
1 29526U 06051A   22077.85203522  .00000143  00000+0  00000+0 0  9997
2 29526   0.0544 344.1798 0005074 359.6662 165.2568  1.00268324 35713
NAVSTAR 59 (USA 192)    
1 29601U 06052A   22077.33769020  .00000030  00000+0  00000+0 0  9990
2 29601  55.5796 275.6107 0085015  71.7402 289.2039  2.00574123112286
WILDBLUE-1              
1 29643U 06054A   22077.63646602 -.00000050  00000+0  00000+0 0  9994
2 29643   0.0156 152.0233 0001818 201.7211 300.3491  1.00272864 38232
AMC-18                  
1 29644U 06054B   22077.49915294 -.00000217  00000+0  00000+0 0  9990
2 29644   0.0205 271.2513 0002594  84.2960 277.1678  1.00271279 55988
LAPAN-TUBSAT            
1 29709U 07001A   22077.90706455  .00000441  00000+0  61705-4 0  9990
2 29709  97.9546  41.0051 0012390 184.3827 175.7288 14.82393788821099
CARTOSAT-2 (IRS-P7)     
1 29710U 07001B   22077.81911229  .00009558  00000+0  25780-3 0  9999
2 29710  97.8613 178.3423 0160925  14.8716 345.7172 15.25909283822402
THEMIS A                
1 30580U 07004A   22077.26581199 -.00000339  00000+0 -26294-1 0  9996
2 30580  15.2732 353.6983 8384923 148.2532 316.4842  0.87834076 27636
OE (NEXTSAT)            
1 30774U 07006C   22077.61828997  .00014011  00000+0  24773-3 0  9994
2 30774  45.9987 154.5170 0006314 280.4788  79.5408 15.50356391839741
FALCONSAT-3             
1 30776U 07006E   22077.57998308  .00018910  00000+0  36539-3 0  9990
2 30776  35.4325 132.6437 0002740 229.6976 130.3515 15.46886326835471
CFESAT                  
1 30777U 07006F   22077.70090284  .00028965  00000+0  54449-3 0  9993
2 30777  35.4218 170.9385 0002581 247.4642 112.5815 15.47604680835063
INSAT-4B                
1 30793U 07007A   22077.77121693 -.00000019  00000+0  00000+0 0  9999
2 30793   2.0851  92.7647 0009383 111.3085  91.2013  0.99078134 26642
SKYNET 5A               
1 30794U 07007B   22077.82175302 -.00000271  00000+0  00000+0 0  9992
2 30794   1.9805  88.7293 0003005 269.6324 208.9651  1.00275185 55140
THEMIS D                
1 30797U 07004D   22076.26374705 -.00000399  00000+0  00000+0 0  9998
2 30797  11.3948 343.4956 8354402 161.0683   9.3563  0.87837069 27428
THEMIS E                
1 30798U 07004E   22077.48058368 -.00000342  00000+0  00000+0 0  9996
2 30798  11.8919 355.5460 8339162 151.6356  22.1195  0.87840446 52272
ANIK F3                 
1 31102U 07009A   22077.70737324 -.00000001  00000+0  00000+0 0  9994
2 31102   0.0210 150.7807 0002516 214.4920 306.8947  1.00271566 31005
HAIYANG-1B              
1 31113U 07010A   22077.67944931  .00000035  00000+0  29245-4 0  9991
2 31113  98.3293 106.6795 0014926 119.6858 240.5813 14.30297888778790
SAUDISAT 3              
1 31118U 07012B   22077.86879909  .00000173  00000+0  37383-4 0  9996
2 31118  97.9593  27.1595 0016276 121.6486 238.6310 14.69270270799801
SAUDICOMSAT 7           
1 31119U 07012C   22077.80978925  .00000421  00000+0  91543-4 0  9993
2 31119  98.1752  24.5732 0060301  15.9762 344.3323 14.61987327795463
SAUDICOMSAT 6           
1 31121U 07012E   22077.83370392  .00000288  00000+0  69270-4 0  9996
2 31121  98.2179  19.8884 0077574 114.1895 246.7438 14.58773962793738
SAUDICOMSAT 5           
1 31124U 07012H   22077.84608979  .00000424  00000+0  89397-4 0  9999
2 31124  98.1435  26.3087 0050681 323.5455  36.2300 14.63705684796332
SAUDICOMSAT 3           
1 31125U 07012J   22077.81171971  .00000433  00000+0  88009-4 0  9993
2 31125  98.1086  27.9082 0041746 270.2062  89.4357 14.65507451797237
SAUDICOMSAT 4           
1 31127U 07012L   22077.79064210  .00000388  00000+0  87224-4 0  9996
2 31127  98.1985  22.8734 0069055  62.6078 298.2126 14.60497180794646
AGILE                   
1 31135U 07013A   22077.11097504  .00008819  00000+0  20999-3 0  9996
2 31135   2.4673 231.3397 0010540  94.9136 265.2122 15.35877662462874
AIM                     
1 31304U 07015A   22077.76031998  .00005387  00000+0  28331-3 0  9997
2 31304  97.8582 353.6867 0004471 349.3234  10.7902 15.16108179817446
ASTRA 1L                
1 31306U 07016A   22077.80662302  .00000119  00000+0  00000+0 0  9991
2 31306   0.0636 313.4798 0004589  12.3719 160.0163  1.00271658 29462
GALAXY 17 (G-17)        
1 31307U 07016B   22077.42164358 -.00000175  00000+0  00000+0 0  9991
2 31307   0.0143 107.0967 0003056 248.7690 240.8772  1.00272360 54240
YAOGAN 2                
1 31490U 07019A   22077.89992272  .00000518  00000+0  80725-4 0  9999
2 31490  98.2359 227.9568 0019759 215.6826 144.3064 14.77230146798174
GLOBALSTAR M065         
1 31571U 07020A   22077.89198178 -.00000105  00000+0 -50236-5 0  9993
2 31571  51.9896 237.3818 0001438  92.4471  63.7064 12.62266608683611
GLOBALSTAR M069         
1 31573U 07020C   22077.65675706 -.00000109  00000+0 -29822-4 0  9996
2 31573  51.9941 194.3650 0001147 101.1265   5.5027 12.62259695684708
GLOBALSTAR M072         
1 31574U 07020D   22077.88849608 -.00000081  00000+0  12849-3 0  9994
2 31574  52.0079 288.8592 0000448  57.3604  43.5534 12.62266598683006